INSERTIONS
  hunktup_psql    = [508.680, 626.294, 541.754, 651.810, 615.984, 530.932]
    delete        = [227.097, 72.937, 76.534, 120.613, 110.555]
  fiftyktup_psql  = [289.894, 270.180, 339.110, 294.175, 275.883, 258.121]
    delete        = [28.106, 132.835, 33.409, 33.424, 28.356]
  tenktup2_psql   = [73.973, 41.340, 37.432, 44.673, 42.918, 41.765]
    delete        = [7.234, 8.363, 7.672, 7.655, 5.065]
  tenktup1_psql   = [37.641, 43.618, 37.160, 45.863, 44.860, 44.542]
    delete        = [7.048, 8.592, 7.608, 8.274, 7.892]
  onektup_psql    = [5.910, 6.206, 6.412, 6.220, 6.055, 6.117]
    delete        = [1.713, 1.963, 1.981, 1.862, 1.743]
